((("100%" .
   [1 0 0 0])
  ("14px" .
   [2 0 0 0])
  ("teal" .
   [1 0 0 0])
  ("green" .
   [1 0 0 0 0])
  ("display" .
   [1 0 2 0 0 0 0])
  ("gray" .
   [1 0 0 0])
  ("path" .
   [1 0 0 0])
  ("page" .
   [1 1 0 0])
  ("views" .
   [0 0 1 0 0])
  ("view_func" .
   [0 0 1 0 0 0 0 0 0])
  ("add_url_rule" .
   [0 0 0 0 0 1 0 0 0 0 0 0])
  ("str" .
   [1 0 0])
  ("DEBUG_MODE" .
   [0 0 1 0 0 0 0 0 0 0])
  ("return" .
   [0 0 0 1 0 0])
  ("debug" .
   [1 0 0 0 0])
  ("def" .
   [1 0 0])
  ("9em" .
   [2 0 0])
  ("codehilite" .
   [1 0 0 0 0 0 0 0 0 0])
  ("font-family" .
   [2 0 0 0 0 1 0 0 0 0 0])
  ("5px" .
   [1 0 0])
  ("0px" .
   [5 0 0])
  ("center" .
   [0 0 1 0 0 0])
  ("x-small" .
   [1 0 0 0 0 0 0])
  ("font-size" .
   [0 0 2 0 1 0 1 0 1])
  ("color" .
   [1 0 0 0 2])
  ("italic" .
   [1 0 0 0 0 0])
  ("medium" .
   [1 0 0 0 0 0])
  ("none" .
   [1 1 0 0])
  ("padding" .
   [0 0 3 0 1 0 0])
  ("margin" .
   [1 0 1 2 1 0])
  ("100" .
   [1 1 0])
  ("bold" .
   [1 0 1 0])
  ("xx-large" .
   [0 1 0 0 0 0 0 0])
  ("large" .
   [2 0 0 0 0])
  ("serif" .
   [1 1 0 1 0])
  ("body" .
   [3 0 0 0])
  ("0" .
   [29])
  ("header" .
   [7 0 0 0 1 1])
  ("background-color" .
   [0 0 1 0 2 0 1 0 0 0 0 0 1 0 0 0])
  ("red" .
   [3 0 0])
  ("808080" .
   [1 0 0 0 0 0])
  ("222" .
   [1 0 0])
  ("font-weight" .
   [0 0 0 0 0 0 1 0 0 0 0])
  ("normal" .
   [1 1 0 0 0 0])
  ("text-align" .
   [0 0 0 1 0 0 0 0 0 0])
  ("left" .
   [1 0 0 0])
  ("d6d6d6" .
   [1 0 0 0 0 0])
  ("line-height" .
   [0 0 1 1 0 0 0 0 0 0 0])
  ("4px" .
   [1 0 0])
  ("5em" .
   [2 0 0])
  ("4em" .
   [1 0 0])
  ("nav" .
   [8 0 0])
  ("margin-top" .
   [0 0 0 0 0 0 1 0 0 0])
  ("block" .
   [1 0 0 0 0])
  ("right" .
   [0 2 0 0 0])
  ("inline" .
   [4 0 0 0 0 0])
  ("relative" .
   [0 0 1 0 0 0 0 0])
  ("absolute" .
   [0 1 0 0 0 0 0 0])
  ("static" .
   [1 0 0 0 0 0])
  ("posts" .
   [1 0 0 0 0])
  ("all_articles" .
   [0 0 0 0 1 0 0 0 0 0 0 0])
  ("999" .
   [3 0 0])
  ("auto" .
   [2 0 0 0])
  ("1" .
   [4])
  ("letter-spacing" .
   [0 0 0 0 1 0 0 0 0 0 0 0 0 0])
  ("bd" .
   [1 0])
  ("2em" .
   [1 0 0])))
